[gd_scene load_steps=13 format=3 uid="uid://c28gpsbc77378"]

[ext_resource type="PackedScene" uid="uid://8ttejgoay0g4" path="res://models/portal.tscn" id="1_a8qlt"]
[ext_resource type="Script" path="res://machines/station.gd" id="1_ud876"]
[ext_resource type="Script" path="res://machines/interactive_point_panel.gd" id="3_r3ap2"]

[sub_resource type="StandardMaterial3D" id="StandardMaterial3D_llwbg"]
albedo_color = Color(0.247059, 0.180392, 0.113725, 1)

[sub_resource type="BoxMesh" id="BoxMesh_xdu58"]
material = SubResource("StandardMaterial3D_llwbg")

[sub_resource type="BoxShape3D" id="BoxShape3D_lwgnl"]
size = Vector3(150, 1, 150)

[sub_resource type="BoxMesh" id="BoxMesh_gfh48"]
size = Vector3(50, 1, 10)

[sub_resource type="ConcavePolygonShape3D" id="ConcavePolygonShape3D_wjwj3"]
data = PackedVector3Array(-25, 0.5, 5, 25, 0.5, 5, -25, -0.5, 5, 25, 0.5, 5, 25, -0.5, 5, -25, -0.5, 5, 25, 0.5, -5, -25, 0.5, -5, 25, -0.5, -5, -25, 0.5, -5, -25, -0.5, -5, 25, -0.5, -5, 25, 0.5, 5, 25, 0.5, -5, 25, -0.5, 5, 25, 0.5, -5, 25, -0.5, -5, 25, -0.5, 5, -25, 0.5, -5, -25, 0.5, 5, -25, -0.5, -5, -25, 0.5, 5, -25, -0.5, 5, -25, -0.5, -5, 25, 0.5, 5, -25, 0.5, 5, 25, 0.5, -5, -25, 0.5, 5, -25, 0.5, -5, 25, 0.5, -5, -25, -0.5, 5, 25, -0.5, 5, -25, -0.5, -5, 25, -0.5, 5, 25, -0.5, -5, -25, -0.5, -5)

[sub_resource type="ConcavePolygonShape3D" id="ConcavePolygonShape3D_nwxun"]
data = PackedVector3Array(-25, 0.5, 5, 25, 0.5, 5, -25, -0.5, 5, 25, 0.5, 5, 25, -0.5, 5, -25, -0.5, 5, 25, 0.5, -5, -25, 0.5, -5, 25, -0.5, -5, -25, 0.5, -5, -25, -0.5, -5, 25, -0.5, -5, 25, 0.5, 5, 25, 0.5, -5, 25, -0.5, 5, 25, 0.5, -5, 25, -0.5, -5, 25, -0.5, 5, -25, 0.5, -5, -25, 0.5, 5, -25, -0.5, -5, -25, 0.5, 5, -25, -0.5, 5, -25, -0.5, -5, 25, 0.5, 5, -25, 0.5, 5, 25, 0.5, -5, -25, 0.5, 5, -25, 0.5, -5, 25, 0.5, -5, -25, -0.5, 5, 25, -0.5, 5, -25, -0.5, -5, 25, -0.5, 5, 25, -0.5, -5, -25, -0.5, -5)

[sub_resource type="ConcavePolygonShape3D" id="ConcavePolygonShape3D_oxh4r"]
data = PackedVector3Array(-25, 0.5, 5, 25, 0.5, 5, -25, -0.5, 5, 25, 0.5, 5, 25, -0.5, 5, -25, -0.5, 5, 25, 0.5, -5, -25, 0.5, -5, 25, -0.5, -5, -25, 0.5, -5, -25, -0.5, -5, 25, -0.5, -5, 25, 0.5, 5, 25, 0.5, -5, 25, -0.5, 5, 25, 0.5, -5, 25, -0.5, -5, 25, -0.5, 5, -25, 0.5, -5, -25, 0.5, 5, -25, -0.5, -5, -25, 0.5, 5, -25, -0.5, 5, -25, -0.5, -5, 25, 0.5, 5, -25, 0.5, 5, 25, 0.5, -5, -25, 0.5, 5, -25, 0.5, -5, 25, 0.5, -5, -25, -0.5, 5, 25, -0.5, 5, -25, -0.5, -5, 25, -0.5, 5, 25, -0.5, -5, -25, -0.5, -5)

[sub_resource type="ConcavePolygonShape3D" id="ConcavePolygonShape3D_sojk7"]
data = PackedVector3Array(-25, 0.5, 5, 25, 0.5, 5, -25, -0.5, 5, 25, 0.5, 5, 25, -0.5, 5, -25, -0.5, 5, 25, 0.5, -5, -25, 0.5, -5, 25, -0.5, -5, -25, 0.5, -5, -25, -0.5, -5, 25, -0.5, -5, 25, 0.5, 5, 25, 0.5, -5, 25, -0.5, 5, 25, 0.5, -5, 25, -0.5, -5, 25, -0.5, 5, -25, 0.5, -5, -25, 0.5, 5, -25, -0.5, -5, -25, 0.5, 5, -25, -0.5, 5, -25, -0.5, -5, 25, 0.5, 5, -25, 0.5, 5, 25, 0.5, -5, -25, 0.5, 5, -25, 0.5, -5, 25, 0.5, -5, -25, -0.5, 5, 25, -0.5, 5, -25, -0.5, -5, 25, -0.5, 5, 25, -0.5, -5, -25, -0.5, -5)

[sub_resource type="BoxMesh" id="BoxMesh_x236v"]

[node name="station" type="Node3D" groups=["portal_station", "station"]]
script = ExtResource("1_ud876")

[node name="portal" parent="." instance=ExtResource("1_a8qlt")]
transform = Transform3D(1, 0, 0, 0, 1, 0, 0, 0, 1, 0, -0.190027, 0)

[node name="platform" type="Node3D" parent="."]

[node name="MeshInstance3D" type="MeshInstance3D" parent="platform"]
transform = Transform3D(150, 0, 0, 0, 1, 0, 0, 0, 150, 0, 0, 0)
mesh = SubResource("BoxMesh_xdu58")

[node name="StaticBody3D" type="StaticBody3D" parent="platform"]

[node name="CollisionShape3D" type="CollisionShape3D" parent="platform/StaticBody3D"]
shape = SubResource("BoxShape3D_lwgnl")

[node name="MeshInstance3D" type="MeshInstance3D" parent="platform/StaticBody3D"]
transform = Transform3D(0.973431, 0.22898, 0, -0.22898, 0.973431, 0, 0, 0, 1, 0, -5.52316, 79.7022)
mesh = SubResource("BoxMesh_gfh48")

[node name="CollisionShape3D2" type="CollisionShape3D" parent="platform/StaticBody3D"]
transform = Transform3D(0.973431, 0.22898, 0, -0.22898, 0.973431, 0, 0, 0, 1, 0, -5.52316, 79.7022)
shape = SubResource("ConcavePolygonShape3D_wjwj3")

[node name="MeshInstance3D2" type="MeshInstance3D" parent="platform/StaticBody3D"]
transform = Transform3D(-0.973579, -0.228351, -8.74228e-08, -0.228351, 0.973579, 0, 8.5113e-08, 1.99631e-08, -1, 0, -16.9475, 89.7175)
mesh = SubResource("BoxMesh_gfh48")

[node name="CollisionShape3D3" type="CollisionShape3D" parent="platform/StaticBody3D"]
transform = Transform3D(-0.973579, -0.228351, -8.74228e-08, -0.228351, 0.973579, 0, 8.5113e-08, 1.99631e-08, -1, 0, -16.9475, 89.7175)
shape = SubResource("ConcavePolygonShape3D_nwxun")

[node name="MeshInstance3D4" type="MeshInstance3D" parent="platform/StaticBody3D"]
transform = Transform3D(-0.973579, -0.228351, -8.74228e-08, -0.228351, 0.973579, 0, 8.5113e-08, 1.99631e-08, -1, 0, -39.2233, 89.7175)
mesh = SubResource("BoxMesh_gfh48")

[node name="CollisionShape3D4" type="CollisionShape3D" parent="platform/StaticBody3D"]
transform = Transform3D(-0.973579, -0.228351, -8.74228e-08, -0.228351, 0.973579, 0, 8.5113e-08, 1.99631e-08, -1, 0, -39.2233, 89.7175)
shape = SubResource("ConcavePolygonShape3D_oxh4r")

[node name="MeshInstance3D3" type="MeshInstance3D" parent="platform/StaticBody3D"]
transform = Transform3D(0.973579, 0.228351, 0, -0.228351, 0.973579, 0, 0, 0, 1, 0, -28.2282, 80.0349)
mesh = SubResource("BoxMesh_gfh48")

[node name="CollisionShape3D5" type="CollisionShape3D" parent="platform/StaticBody3D"]
transform = Transform3D(0.973579, 0.228351, 0, -0.228351, 0.973579, 0, 0, 0, 1, 0, -28.2282, 80.0349)
shape = SubResource("ConcavePolygonShape3D_sojk7")

[node name="MeshInstance3D5" type="MeshInstance3D" parent="platform/StaticBody3D"]
transform = Transform3D(0.0160714, 0.00378046, -0.999864, -0.22898, 0.973431, 3.90067e-10, 0.973299, 0.228948, 0.01651, -79.1653, -5.52316, -9.25213)
mesh = SubResource("BoxMesh_gfh48")

[node name="CollisionShape3D6" type="CollisionShape3D" parent="platform/StaticBody3D"]
transform = Transform3D(0.0160714, 0.00378046, -0.999864, -0.22898, 0.973431, 3.90067e-10, 0.973299, 0.228948, 0.01651, -79.1653, -5.52316, -9.25213)
shape = SubResource("ConcavePolygonShape3D_wjwj3")

[node name="MeshInstance3D6" type="MeshInstance3D" parent="platform/StaticBody3D"]
transform = Transform3D(-0.016074, -0.00377012, 0.999864, -0.228351, 0.973579, -7.10543e-15, -0.973446, -0.22832, -0.0165102, -89.1792, -16.9475, -9.08678)
mesh = SubResource("BoxMesh_gfh48")

[node name="CollisionShape3D7" type="CollisionShape3D" parent="platform/StaticBody3D"]
transform = Transform3D(-0.016074, -0.00377012, 0.999864, -0.228351, 0.973579, -7.10543e-15, -0.973446, -0.22832, -0.0165102, -89.1792, -16.9475, -9.08678)
shape = SubResource("ConcavePolygonShape3D_nwxun")

[node name="MeshInstance3D7" type="MeshInstance3D" parent="platform/StaticBody3D"]
transform = Transform3D(-0.016074, -0.00377012, 0.999864, -0.228351, 0.973579, -7.10543e-15, -0.973446, -0.22832, -0.0165102, -89.1792, -39.2233, -9.08678)
mesh = SubResource("BoxMesh_gfh48")

[node name="CollisionShape3D8" type="CollisionShape3D" parent="platform/StaticBody3D"]
transform = Transform3D(-0.016074, -0.00377012, 0.999864, -0.228351, 0.973579, -7.10543e-15, -0.973446, -0.22832, -0.0165102, -89.1792, -39.2233, -9.08678)
shape = SubResource("ConcavePolygonShape3D_oxh4r")

[node name="MeshInstance3D8" type="MeshInstance3D" parent="platform/StaticBody3D"]
transform = Transform3D(0.0160738, 0.00377008, -0.999864, -0.228351, 0.973579, 0, 0.973446, 0.22832, 0.01651, -79.498, -28.2282, -9.24664)
mesh = SubResource("BoxMesh_gfh48")

[node name="CollisionShape3D9" type="CollisionShape3D" parent="platform/StaticBody3D"]
transform = Transform3D(0.0160738, 0.00377008, -0.999864, -0.228351, 0.973579, 0, 0.973446, 0.22832, 0.01651, -79.498, -28.2282, -9.24664)
shape = SubResource("ConcavePolygonShape3D_sojk7")

[node name="spacehsip_pivot" type="Node3D" parent="."]
transform = Transform3D(1, 0, 0, 0, 1, 0, 0, 0, 1, -40.5547, 3, 50.617)

[node name="char_pivot" type="Node3D" parent="."]
transform = Transform3D(1, 0, 0, 0, 1, 0, 0, 0, 1, -58.4752, 0, 54.0141)

[node name="interactive_point" type="Marker3D" parent="." groups=["station_interactive_panel"]]
transform = Transform3D(1, 0, 0, 0, 1, 0, 0, 0, 1, -3.0406, 26.4088, -93.3597)
script = ExtResource("3_r3ap2")

[node name="MeshInstance3D" type="MeshInstance3D" parent="interactive_point"]
transform = Transform3D(1, 0, 0, 0, 4, 0, 0, 0, 1, 0, 0, 0)
mesh = SubResource("BoxMesh_x236v")
